0.0513636 0.0631818 0.0645455 0.0659091 0.0822727 0.0477273 0.0236364 0.601364 
0.0513636 0.0631818 0.0645455 0.0659091 0.0822727 0.0477273 0.0236364 0.601364 
node[0] = 0.601364 0.0822727 0.0659091 0.0645455 0.0631818 0.0513636 0.0477273 0.0236364  | i_pre: 18287712 | j_pre: 18287724 | i_next: 12
node[1] = 0.601364 0.0822727 0.0713636 0.0659091 0.0645455 0.0631818 0.0513636  | i_pre: 6 | j_pre: 5 | i_next: 5
node[2] = 0.601364 0.114545 0.0822727 0.0713636 0.0659091 0.0645455  | i_pre: 5 | j_pre: 4 | i_next: 4
node[3] = 0.601364 0.130455 0.114545 0.0822727 0.0713636  | i_pre: 4 | j_pre: 3 | i_next: 3
node[4] = 0.601364 0.153636 0.130455 0.114545  | i_pre: 3 | j_pre: 2 | i_next: 2
node[5] = 0.601364 0.245 0.153636  | i_pre: 2 | j_pre: 1 | i_next: 1
node[6] = 0.601364 0.398636  | i_pre: 1 | j_pre: 0 | i_next: 0
